1000 20 0 35
2000 27 0 54
3000 25 0 83
4000 41 0 148
5000 44 0 173
6000 67 0 250
7000 121 0 412
8000 124 1 443
9000 125 1 464
10000 132 1 515
11000 145 1 569
12000 203 2 744
13000 302 2 1052
14000 357 2 1232
15000 370 3 1297
16000 369 4 1343
17000 371 4 1360
18000 372 5 1396
19000 376 5 1452
20000 396 6 1556
21000 403 6 1604
22000 433 7 1715
23000 509 8 1970
24000 610 8 2257
25000 747 9 2700
26000 909 10 3195
27000 1034 11 3589
28000 1104 11 3759
29000 1127 12 3861
30000 1175 13 3994
31000 1143 14 4025
32000 1216 15 4095
33000 1152 16 4155
34000 1183 17 4178
35000 1187 18 4230
36000 1190 19 4206
37000 1205 20 4261
38000 1246 22 4371
39000 1192 23 4523
40000 1217 24 4689
41000 1223 25 4776
42000 1237 27 4856
43000 1273 27 5014
44000 1305 29 5211
45000 1413 30 5556
46000 1528 31 5918
47000 1672 33 6273
48000 1833 34 6752
49000 2027 35 7384
50000 2291 38 8183
51000 2527 39 8923
52000 2778 43 9737
53000 3000 42 10240
54000 3150 47 10696
55000 3182 46 11062
56000 3238 47 11289
57000 3291 50 11510
58000 3308 50 11675
59000 3331 51 11921
60000 3354 57 11978
61000 3356 57 11898
62000 3358 57 11986
63000 3374 59 12030
64000 3361 61 12139
65000 3360 63 12338
66000 3369 64 12301
67000 3364 66 12423
68000 3359 68 12372
69000 3389 70 12548
70000 3366 73 12556
71000 3353 75 12654
72000 3371 77 12692
73000 3382 79 12788
74000 3389 81 12859
75000 3396 83 12970
76000 3414 86 13182
77000 3446 88 13370
78000 3493 90 13633
79000 3558 93 14024
80000 3609 95 14812
81000 3580 98
82000 3600 100
83000 3593 104
84000 3636 106
85000 3675 108 15452
86000 3746 113
87000 3801 115
88000 3915 116
89000 4070 118
90000 4221 121 17154
91000 4404 124
92000 4580 127
93000 4819 129
94000 5033 132
95000 5256 135 20241
96000 5533 137
97000 5776 141
98000 6037 144
99000 6406 148
100000 6831 150 25033
